0.005 0.00322421 0.0405085 0.0490821 0.0627999 0.0222944 0.00712253
0.015 0.0058639 0.0989611 0.114792 0.137568 0.059613 0.0221122
0.025 0.0107947 0.146984 0.132819 0.205538 0.0624474 0.0224171
0.035 0.0256801 0.12978 0.167808 0.256829 0.0499849 0.0163307
0.045 0.00503074 0.118981 0.206311 0.280921 0.0380659 0.0112709
0.055 0.0593562 0.12152 0.140042 0.284176 0.0288366 0.00786124
0.065 0.0529373 0.143695 0.104855 0.27384 0.0219856 0.00563058
0.075 0.0793545 0.0957789 0.101401 0.255455 0.0169075 0.00415086
0.085 0.0812775 0.0927726 0.0750919 0.232855 0.0131141 0.00315704
0.095 0.0387666 0.0899936 0.0925956 0.20866 0.0102307 0.00245558
0.105 0.0640912 0.0476779 0.0827232 0.184486 0.00803979 0.00196053
0.115 0.0380541 0.0632178 0.0680679 0.1614 0.00635454 0.00158055
0.125 0.0695363 0.0399683 0.0368208 0.139998 0.00502949 0.00129497
0.135 0.0408042 0.0294419 0.0553835 0.120551 0.00400059 0.00107545
0.145 0.0265991 0.0345358 0.0461347 0.10317 0.00319932 0.000898358
0.155 0.0373307 0.0291182 0.0247082 0.0878409 0.00256486 0.000750319
0.165 0.0424179 0.0188746 0.0158501 0.074459 0.00205589 0.000626842
0.175 0.0353454 0.0127086 0.0169887 0.0628686 0.00164835 0.000525321
0.185 0.0245964 0.01098 0.0190855 0.0528954 0.00132408 0.000441963
0.195 0.0166891 0.0107996 0.0183148 0.044364 0.00106646 0.000372718
0.205 0.0128502 0.0102646 0.015165 0.037104 0.000861201 0.000314428
0.215 0.0116731 0.00897683 0.0112659 0.0309539 0.000696769 0.000264989
0.225 0.0115028 0.00726202 0.00778749 0.0257649 0.000564415 0.000222884
0.235 0.0113235 0.00553515 0.00518783 0.0214019 0.000457489 0.000187021
0.245 0.0107579 0.00405507 0.0034592 0.0177447 0.000370887 0.000156561
0.255 0.00980607 0.00291145 0.00240123 0.0146873 0.000300658 0.000130779
0.265 0.00861558 0.00208707 0.00178767 0.0121376 0.000243693 0.000109032
0.275 0.00734857 0.00151889 0.00143671 0.0100159 0.000197499 9.07494e-05
0.285 0.00612763 0.00113635 0.00122542 0.0082539 0.000160054 7.54272e-05
0.295 0.00502576 0.000879281 0.0010806 0.0067933 0.000129711 6.26187e-05
0.305 0.00407502 0.000702981 0.000963644 0.00558458 0.000105131 5.19316e-05
0.315 0.00327991 0.000577101 0.000857093 0.00458585 8.52208e-05 4.30263e-05
0.325 0.00262916 0.000482385 0.000755009 0.00376185 6.90921e-05 3.56134e-05
0.335 0.00210423 0.000407268 0.000656886 0.00308291 5.60237e-05 2.94481e-05
0.345 0.00168465 0.000345115 0.000564208 0.00252421 4.54314e-05 2.43249e-05
0.355 0.00135095 0.00029224 0.000478714 0.00206499 3.68427e-05 2.00715e-05
0.365 0.00108608 0.00024662 0.000401679 0.00168795 2.98761e-05 1.65434e-05
0.375 0.000875735 0.000207098 0.000333723 0.00137871 2.42237e-05 1.36199e-05
0.385 0.000708353 0.000172933 0.000274867 0.00112532 1.96365e-05 1.11998e-05
0.395 0.000574728 0.000143571 0.000224685 0.000917871 1.59135e-05 9.19881e-06
0.405 0.000467641 0.000118521 0.000182463 0.000748187 1.2892e-05 7.54614e-06
0.415 0.000381469 9.73192e-05 0.000147336 0.0006095 1.044e-05 6.18288e-06
0.425 0.000311844 7.95144e-05 0.000118387 0.000496235 8.45058e-06 5.05977e-06
0.435 0.000255374 6.46725e-05 9.47223e-05 0.000403796 6.83693e-06 4.13571e-06
0.445 0.000209415 5.23847e-05 7.55096e-05 0.000328405 5.52855e-06 3.37643e-06
0.455 0.000171901 4.22742e-05 6.00025e-05 0.000266956 4.46812e-06 2.75338e-06
0.465 0.000141204 3.40015e-05 4.75487e-05 0.000216903 3.60907e-06 2.24278e-06
0.475 0.000116036 2.72662e-05 3.759e-05 0.000176154 2.9135e-06 1.82488e-06
0.485 9.53691e-05 2.18068e-05 2.96558e-05 0.000142998 2.35062e-06 1.48328e-06
0.495 7.83804e-05 1.7399e-05 2.33545e-05 0.000116034 1.89537e-06 1.20441e-06
0.505 6.44051e-05 1.38528e-05 1.83638e-05 9.41172e-05 1.52741e-06 9.77005e-07
0.515 5.29038e-05 1.10085e-05 1.44203e-05 7.63106e-05 1.23016e-06 7.91794e-07
0.525 4.34374e-05 8.73346e-06 1.13106e-05 6.18501e-05 9.90196e-07 6.41113e-07
0.535 3.56463e-05 6.91824e-06 8.86278e-06 5.0112e-05 7.96592e-07 5.18656e-07
0.545 2.92357e-05 5.47301e-06 6.9388e-06 4.05878e-05 6.40489e-07 4.19239e-07
0.555 2.3963e-05 4.32457e-06 5.42854e-06 3.28628e-05 5.147e-07 3.38608e-07
0.565 1.96285e-05 3.41352e-06 4.24437e-06 2.65997e-05 4.13398e-07 2.73275e-07
0.575 1.60672e-05 2.69189e-06 3.31678e-06 2.15236e-05 3.31866e-07 2.20386e-07
0.585 1.31431e-05 2.12106e-06 2.59076e-06 1.7411e-05 2.66282e-07 1.77607e-07
0.595 1.07438e-05 1.67005e-06 2.02292e-06 1.40802e-05 2.13557e-07 1.43036e-07
0.605 8.77661e-06 1.31409e-06 1.57906e-06 1.13834e-05 1.71193e-07 1.15119e-07
0.615 7.16479e-06 1.03341e-06 1.23229e-06 9.20072e-06 1.37172e-07 9.2594e-08
0.625 5.84513e-06 8.1227e-07 9.61476e-07 7.43458e-06 1.09864e-07 7.4432e-08
0.635 4.76548e-06 6.3817e-07 7.50066e-07 6.00596e-06 8.79563e-08 5.97985e-08
0.645 3.88281e-06 5.01191e-07 5.85075e-07 4.85067e-06 7.03889e-08 4.80158e-08
0.655 3.1617e-06 3.9348e-07 4.5634e-07 3.91668e-06 5.63084e-08 3.85346e-08
0.665 2.573e-06 3.08827e-07 3.55914e-07 3.1618e-06 4.50279e-08 3.09102e-08
0.675 2.09272e-06 2.42324e-07 2.77582e-07 2.55185e-06 3.59943e-08 2.47824e-08
0.685 1.70114e-06 1.901e-07 2.1649e-07 2.05911e-06 2.87632e-08 1.98603e-08
0.695 1.3821e-06 1.49103e-07 1.68848e-07 1.66117e-06 2.29771e-08 1.59088e-08
0.705 1.12232e-06 1.16929e-07 1.31695e-07 1.33985e-06 1.83491e-08 1.27381e-08
0.715 9.10913e-07 9.16854e-08 1.02723e-07 1.08048e-06 1.46488e-08 1.01952e-08
0.725 7.38976e-07 7.18839e-08 8.01304e-08 8.71142e-07 1.16911e-08 8.15681e-09
0.735 5.99217e-07 5.6354e-08 6.2512e-08 7.02231e-07 9.32801e-09 6.5235e-09
0.745 4.85675e-07 4.41762e-08 4.87719e-08 5.65967e-07 7.44047e-09 5.21536e-09
0.755 3.9348e-07 3.46282e-08 3.80558e-08 4.56063e-07 5.93329e-09 4.16811e-09
0.765 3.18656e-07 2.71429e-08 2.96976e-08 3.67436e-07 4.7302e-09 3.33003e-09
0.775 2.57958e-07 2.12752e-08 2.31778e-08 2.95982e-07 3.77011e-09 2.65961e-09
0.785 2.08744e-07 1.66757e-08 1.80917e-08 2.38383e-07 3.00417e-09 2.12351e-09
0.795 1.68857e-07 1.30707e-08 1.41234e-08 1.91962e-07 2.39328e-09 1.69496e-09
0.805 1.36543e-07 1.02451e-08 1.10271e-08 1.54557e-07 1.90618e-09 1.35251e-09
0.815 1.10376e-07 8.03054e-09 8.61077e-09 1.24421e-07 1.51788e-09 1.07895e-09
0.825 8.91948e-08 6.29484e-09 6.72487e-09 1.00146e-07 1.20843e-09 8.60482e-10
0.835 7.20554e-08 4.93447e-09 5.25277e-09 8.05947e-08 9.61865e-10 6.86072e-10
0.845 5.81919e-08 3.86825e-09 4.10351e-09 6.48514e-08 7.65454e-10 5.46873e-10
0.855 4.69821e-08 3.03257e-09 3.20618e-09 5.2176e-08 6.09031e-10 4.35808e-10
0.865 3.7921e-08 2.37755e-09 2.50544e-09 4.19723e-08 4.84481e-10 3.47214e-10
0.875 3.05991e-08 1.86412e-09 1.95814e-09 3.37595e-08 3.8533e-10 2.76565e-10
0.885 2.46845e-08 1.46165e-09 1.53063e-09 2.71501e-08 3.06415e-10 2.20239e-10
0.895 1.99081e-08 1.14616e-09 1.19663e-09 2.1832e-08 2.43618e-10 1.75345e-10
0.905 1.6052e-08 8.98821e-10 9.35653e-10 1.75533e-08 1.93657e-10 1.3957e-10
0.915 1.29398e-08 7.0491e-10 7.31702e-10 1.41114e-08 1.53916e-10 1.11069e-10
0.925 1.04286e-08 5.52874e-10 5.72292e-10 1.13431e-08 1.22309e-10 8.83685e-11
0.935 8.40289e-09 4.33662e-10 4.47677e-10 9.11676e-09 9.71772e-11 7.02917e-11
0.945 6.76922e-09 3.40181e-10 3.50248e-10 7.32656e-09 7.71968e-11 5.59002e-11
0.955 5.45204e-09 2.66872e-10 2.74062e-10 5.88722e-09 6.13148e-11 4.44451e-11
0.965 4.39029e-09 2.09378e-10 2.14478e-10 4.73012e-09 4.86926e-11 3.53292e-11
0.975 3.53462e-09 1.64284e-10 1.67872e-10 3.80003e-09 3.86628e-11 2.80765e-11
0.985 2.84518e-09 1.28912e-10 1.31412e-10 3.05251e-09 3.06944e-11 2.23074e-11
0.995 1.11687e-08 4.93473e-10 5.01401e-10 1.19595e-08 1.18666e-10 8.54407e-11
