0.005 4.8206e-05 7.05958e-05 7.53188e-05 2.73734e-05 2.08668e-05 1.85913e-05
0.015 5.74407e-05 4.90406e-05 5.28094e-05 2.43777e-05 1.9466e-05 1.71846e-05
0.025 0.00947019 0.134579 0.121525 0.0915327 0.0277912 0.00998135
0.035 0.0202588 0.1037 0.134196 0.102411 0.0199215 0.00650756
0.045 0.00360392 0.0903953 0.156888 0.109207 0.014795 0.00437609
0.055 0.0450064 0.0923636 0.106463 0.113296 0.0114932 0.00313141
0.065 0.0415238 0.112998 0.0824272 0.115818 0.00929542 0.00237903
0.075 0.0660459 0.0797721 0.0844636 0.117431 0.00777015 0.00190562
0.085 0.0729877 0.0833564 0.0674593 0.118472 0.00666989 0.00160438
0.095 0.0380432 0.0884716 0.0910308 0.119191 0.00584303 0.00140076
0.105 0.0696619 0.0518338 0.0899746 0.119659 0.00521287 0.0012703
0.115 0.0461534 0.0767513 0.0826436 0.119964 0.00472182 0.0011738
0.125 0.0949447 0.0545701 0.0502717 0.1202 0.00431692 0.0011109
0.135 0.0630687 0.0455188 0.0856557 0.120377 0.00399353 0.00107271
0.145 0.0468074 0.0608175 0.0812519 0.120487 0.00373577 0.00104808
0.155 0.075169 0.0586451 0.0497597 0.120555 0.00351938 0.00102913
0.165 0.0982145 0.0437014 0.0366962 0.120699 0.00333186 0.00101512
0.175 0.0943688 0.0339256 0.0453596 0.120748 0.00316534 0.00100844
0.185 0.0759466 0.0339033 0.0589441 0.120778 0.00302281 0.00100837
0.195 0.0598004 0.0387083 0.0656545 0.120838 0.0029041 0.00101458
0.205 0.0535909 0.0428241 0.0632736 0.120908 0.00280606 0.00102422
0.215 0.0568087 0.0436989 0.0548441 0.120981 0.00272284 0.00103505
0.225 0.065472 0.0413413 0.0443329 0.121059 0.00265136 0.00104667
0.235 0.0755334 0.0369263 0.0346085 0.121147 0.00258933 0.00105835
0.245 0.0842706 0.0317668 0.0270976 0.121262 0.00253437 0.00106959
0.255 0.0903825 0.0268346 0.0221309 0.121403 0.0024849 0.00108054
0.265 0.093115 0.0225549 0.0193187 0.121012 0.00242921 0.00108657
0.275 0.0941803 0.019464 0.018411 0.121668 0.0023988 0.00110207
0.285 0.0927386 0.0171957 0.0185444 0.121761 0.00236096 0.00111255
0.295 0.0899822 0.0157409 0.0193465 0.121899 0.00232749 0.00112352
0.305 0.0860863 0.0148495 0.0203575 0.121616 0.00228938 0.00113073
0.315 0.0825526 0.0145245 0.0215735 0.122259 0.00227186 0.00114684
0.325 0.0785142 0.0144053 0.0225487 0.122361 0.00224717 0.00115813
0.335 0.0744208 0.0144043 0.0232348 0.12213 0.00221923 0.00116639
0.345 0.0712014 0.0145869 0.023849 0.122771 0.00220959 0.00118301
0.355 0.0679445 0.0146987 0.0240792 0.122873 0.00219227 0.00119433
0.365 0.0649305 0.0147449 0.024017 0.122724 0.00217226 0.0012029
0.375 0.0626328 0.0148125 0.0238705 0.123223 0.00216516 0.00121742
0.385 0.0602814 0.0147176 0.0233937 0.123044 0.00214727 0.00122475
0.395 0.0586299 0.014647 0.022923 0.123625 0.00214354 0.00123908
0.405 0.0568242 0.0144027 0.0221737 0.123411 0.00212667 0.00124481
0.415 0.0557007 0.0142112 0.0215154 0.124029 0.00212466 0.00125828
0.425 0.054218 0.0138256 0.0205851 0.123789 0.00210826 0.00126231
0.435 0.053305 0.0135004 0.0197737 0.124409 0.0021067 0.00127437
0.445 0.0521735 0.0130522 0.0188143 0.124171 0.00209067 0.00127687
0.455 0.0515892 0.012688 0.0180091 0.124772 0.0020887 0.00128721
0.465 0.0506905 0.0122072 0.0170711 0.124572 0.00207319 0.00128847
0.475 0.0502112 0.0117997 0.0162676 0.12513 0.00207009 0.00129679
0.485 0.049459 0.0113101 0.0153811 0.124997 0.00205528 0.00129714
0.495 0.0490111 0.0108805 0.0146048 0.125477 0.00205025 0.00130309
0.505 0.0481149 0.0103498 0.0137201 0.124838 0.00202667 0.00129665
0.515 0.0477717 0.00994129 0.0130224 0.125507 0.002024 0.00130307
0.525 0.0474498 0.00954085 0.0123563 0.126136 0.00202023 0.00130835
0.535 0.0467271 0.00906938 0.0116185 0.125864 0.00200167 0.00130362
0.545 0.0463489 0.00867718 0.0110011 0.126365 0.00199506 0.00130624
0.555 0.0455071 0.00821308 0.0103097 0.125733 0.00197029 0.00129655
0.565 0.0451524 0.00785275 0.00976404 0.126368 0.00196508 0.00129936
0.575 0.0448031 0.00750671 0.00924921 0.126965 0.00195887 0.0013012
0.585 0.0440925 0.00711614 0.00869189 0.126719 0.00193936 0.00129388
0.595 0.0436423 0.00678427 0.00821763 0.127123 0.00192955 0.00129273
0.605 0.0428807 0.00642077 0.00771532 0.126667 0.00190646 0.00128237
0.615 0.0424251 0.00611956 0.00729712 0.127127 0.00189699 0.00128089
0.625 0.0419742 0.00583336 0.00690475 0.127556 0.00188675 0.00127866
0.635 0.0411939 0.00551692 0.00648411 0.127058 0.00186267 0.00126679
0.645 0.0407268 0.00525744 0.00613722 0.127508 0.00185237 0.00126406
0.655 0.040265 0.00501152 0.00581198 0.127928 0.0018414 0.00126067
0.665 0.0394971 0.00474115 0.0054639 0.127442 0.0018173 0.00124808
0.675 0.0390132 0.00451799 0.00517523 0.127853 0.00180594 0.00124403
0.685 0.038536 0.00430685 0.00490462 0.128234 0.00179399 0.00123941
0.695 0.0376018 0.00405706 0.00459421 0.127154 0.00176165 0.00122049
0.705 0.0371659 0.00387269 0.00436165 0.127714 0.0017521 0.00121718
0.715 0.0367364 0.00369818 0.00414331 0.128241 0.00174194 0.00121331
0.725 0.0363134 0.00353298 0.00393822 0.128737 0.00173122 0.00120891
0.735 0.0354979 0.00333905 0.00370387 0.128013 0.00170414 0.00119294
0.745 0.0350471 0.00318846 0.00352012 0.128459 0.00169273 0.00118778
0.755 0.0346042 0.003046 0.00334748 0.128876 0.00168086 0.00118218
0.765 0.0337233 0.00287319 0.00314362 0.127749 0.00164901 0.00116238
0.775 0.0332994 0.00274706 0.00299275 0.128264 0.0016385 0.0011575
0.785 0.0328836 0.00262766 0.0028508 0.128747 0.00162755 0.0011522
0.795 0.0324758 0.00251459 0.00271717 0.129202 0.00161619 0.00114652
0.805 0.0317387 0.00238217 0.00256406 0.128478 0.00159023 0.00113037
0.815 0.0312929 0.00227753 0.00244216 0.128806 0.00157744 0.00112346
0.825 0.0308566 0.00217849 0.0023274 0.129108 0.00156438 0.00111628
0.835 0.0301335 0.00206443 0.00219768 0.128204 0.00153688 0.00109868
0.845 0.0297029 0.00197535 0.00209558 0.128533 0.00152438 0.00109172
0.855 0.0292822 0.001891 0.00199935 0.128838 0.00151164 0.00108449
0.865 0.028871 0.00181109 0.00190861 0.129118 0.00149868 0.00107704
0.875 0.0281926 0.00171849 0.00180528 0.128196 0.00147197 0.00105962
0.885 0.0277726 0.00164553 0.00172329 0.128434 0.00145883 0.00105187
0.895 0.0273629 0.00157641 0.00164594 0.128651 0.00144554 0.00104395
0.905 0.0269631 0.00151089 0.00157292 0.128848 0.00143211 0.00103587
0.915 0.0261714 0.00142686 0.00148121 0.127095 0.00139737 0.00101228
0.925 0.0248278 0.0013174 0.00136378 0.122261 0.00132968 0.000964685
0.935 0.0235367 0.00121585 0.00125525 0.117573 0.00126487 0.000919002
0.945 0.0222954 0.00112159 0.00115489 0.113026 0.0012028 0.000875152
0.955 0.0211018 0.00103407 0.00106204 0.108614 0.00114334 0.000833055
0.965 0 0 0 0 0 0
0.975 0 0 0 0 0 0
0.985 0 0 0 0 0 0
0.995 2.10836 0.0916414 0.0927893 11.6685 0.121566 0.09047
